/*--------------------------------*- C++ -*----------------------------------*\
| =========                 |                                                 |
| \\      /  F ield         | foam-extend: Open Source CFD                    |
|  \\    /   O peration     | Version:     4.1                                |
|   \\  /    A nd           | Web:         http://www.foam-extend.org         |
|    \\/     M anipulation  |                                                 |
\*---------------------------------------------------------------------------*/
FoamFile
{
    version     2.0;
    format      ascii;
    class       volScalarField;
    location    "0.2";
    object      sigma0;
}
// * * * * * * * * * * * * * * * * * * * * * * * * * * * * * * * * * * * * * //

dimensions      [1 -1 -2 0 0 0 0];

internalField   nonuniform List<scalar> 
6240
(
1644.96
1644.96
1644.96
1644.96
1644.97
1644.97
1644.98
1644.98
1644.99
1645
1645
1645.01
1645.02
1645.02
1645.03
1645.03
1645.04
1645.04
1645.04
1645.04
1645.04
1645.04
1645.03
1645.03
1645.02
1645.01
1645.01
1645
1645
1645.01
1645.02
1645.05
1645.09
1645.15
1645.24
1645.37
1645.54
1645.77
1646.07
1646.45
1646.94
1647.54
1648.28
1649.19
1650.3
1651.62
1653.2
1655.05
1657.22
1659.72
1662.58
1665.81
1669.43
1673.41
1677.75
1682.41
1687.34
1692.46
1697.69
1702.93
1603.37
1603.37
1603.37
1603.37
1603.38
1603.38
1603.39
1603.39
1603.4
1603.41
1603.41
1603.42
1603.43
1603.44
1603.44
1603.45
1603.46
1603.46
1603.47
1603.47
1603.47
1603.47
1603.47
1603.48
1603.48
1603.48
1603.48
1603.49
1603.5
1603.52
1603.55
1603.6
1603.66
1603.75
1603.87
1604.03
1604.24
1604.51
1604.85
1605.28
1605.81
1606.46
1607.26
1608.22
1609.38
1610.75
1612.37
1614.26
1616.44
1618.95
1621.79
1624.98
1628.53
1632.42
1636.63
1641.13
1645.86
1650.76
1655.75
1660.74
1561.76
1561.76
1561.77
1561.77
1561.77
1561.78
1561.78
1561.79
1561.8
1561.8
1561.81
1561.82
1561.83
1561.84
1561.85
1561.85
1561.86
1561.87
1561.87
1561.88
1561.88
1561.89
1561.89
1561.9
1561.9
1561.91
1561.92
1561.93
1561.95
1561.98
1562.03
1562.08
1562.16
1562.27
1562.4
1562.58
1562.81
1563.1
1563.46
1563.92
1564.47
1565.15
1565.98
1566.97
1568.15
1569.55
1571.18
1573.09
1575.28
1577.78
1580.61
1583.78
1587.28
1591.11
1595.25
1599.65
1604.28
1609.06
1613.92
1618.77
1520.16
1520.16
1520.16
1520.16
1520.17
1520.17
1520.18
1520.19
1520.19
1520.2
1520.21
1520.22
1520.23
1520.24
1520.25
1520.26
1520.27
1520.27
1520.28
1520.29
1520.3
1520.3
1520.31
1520.32
1520.33
1520.34
1520.36
1520.38
1520.41
1520.44
1520.49
1520.56
1520.65
1520.77
1520.92
1521.12
1521.36
1521.67
1522.06
1522.53
1523.11
1523.82
1524.66
1525.68
1526.88
1528.29
1529.95
1531.86
1534.05
1536.55
1539.36
1542.5
1545.96
1549.74
1553.81
1558.14
1562.67
1567.35
1572.1
1576.83
1478.55
1478.55
1478.56
1478.56
1478.56
1478.57
1478.58
1478.58
1478.59
1478.6
1478.61
1478.62
1478.63
1478.64
1478.65
1478.66
1478.67
1478.68
1478.69
1478.7
1478.71
1478.72
1478.73
1478.74
1478.75
1478.77
1478.79
1478.82
1478.85
1478.9
1478.96
1479.04
1479.14
1479.27
1479.43
1479.64
1479.91
1480.23
1480.63
1481.13
1481.73
1482.45
1483.32
1484.35
1485.57
1486.99
1488.66
1490.57
1492.77
1495.25
1498.05
1501.16
1504.59
1508.32
1512.32
1516.58
1521.03
1525.62
1530.27
1534.9
1436.95
1436.95
1436.95
1436.95
1436.96
1436.96
1436.97
1436.98
1436.99
1437
1437.01
1437.02
1437.03
1437.04
1437.05
1437.06
1437.07
1437.09
1437.1
1437.11
1437.12
1437.13
1437.15
1437.16
1437.18
1437.2
1437.23
1437.26
1437.3
1437.35
1437.42
1437.51
1437.62
1437.76
1437.94
1438.16
1438.44
1438.78
1439.19
1439.7
1440.32
1441.06
1441.94
1442.98
1444.21
1445.65
1447.32
1449.23
1451.42
1453.9
1456.68
1459.76
1463.15
1466.83
1470.79
1474.98
1479.37
1483.88
1488.45
1493
1395.34
1395.34
1395.35
1395.35
1395.35
1395.36
1395.37
1395.38
1395.38
1395.39
1395.4
1395.42
1395.43
1395.44
1395.45
1395.46
1395.48
1395.49
1395.5
1395.52
1395.53
1395.55
1395.56
1395.58
1395.6
1395.63
1395.66
1395.7
1395.75
1395.81
1395.88
1395.98
1396.1
1396.25
1396.43
1396.66
1396.95
1397.3
1397.73
1398.25
1398.88
1399.63
1400.52
1401.58
1402.82
1404.26
1405.93
1407.84
1410.02
1412.48
1415.24
1418.3
1421.65
1425.3
1429.21
1433.35
1437.68
1442.13
1446.64
1451.12
1353.74
1353.74
1353.74
1353.74
1353.75
1353.76
1353.76
1353.77
1353.78
1353.79
1353.8
1353.81
1353.83
1353.84
1353.85
1353.87
1353.88
1353.9
1353.91
1353.93
1353.94
1353.96
1353.98
1354
1354.03
1354.06
1354.09
1354.14
1354.19
1354.25
1354.34
1354.44
1354.56
1354.72
1354.92
1355.16
1355.46
1355.82
1356.26
1356.79
1357.42
1358.18
1359.08
1360.14
1361.38
1362.82
1364.49
1366.39
1368.56
1371.01
1373.75
1376.78
1380.1
1383.71
1387.58
1391.68
1395.96
1400.37
1404.83
1409.26
1312.13
1312.13
1312.13
1312.14
1312.14
1312.15
1312.16
1312.17
1312.18
1312.19
1312.2
1312.21
1312.23
1312.24
1312.25
1312.27
1312.29
1312.3
1312.32
1312.34
1312.36
1312.38
1312.4
1312.42
1312.45
1312.48
1312.52
1312.57
1312.63
1312.7
1312.79
1312.89
1313.03
1313.19
1313.39
1313.64
1313.95
1314.31
1314.76
1315.3
1315.94
1316.7
1317.6
1318.67
1319.9
1321.34
1323
1324.9
1327.05
1329.48
1332.19
1335.2
1338.49
1342.07
1345.91
1349.97
1354.22
1358.59
1363.02
1367.43
1270.52
1270.53
1270.53
1270.53
1270.54
1270.54
1270.55
1270.56
1270.57
1270.58
1270.6
1270.61
1270.62
1270.64
1270.66
1270.67
1270.69
1270.71
1270.73
1270.75
1270.77
1270.79
1270.81
1270.84
1270.87
1270.91
1270.95
1271
1271.06
1271.14
1271.23
1271.34
1271.48
1271.65
1271.86
1272.11
1272.42
1272.8
1273.25
1273.79
1274.43
1275.2
1276.1
1277.15
1278.39
1279.82
1281.46
1283.35
1285.48
1287.89
1290.58
1293.56
1296.83
1300.38
1304.19
1308.23
1312.45
1316.81
1321.22
1325.61
1228.92
1228.92
1228.92
1228.93
1228.93
1228.94
1228.95
1228.96
1228.97
1228.98
1228.99
1229.01
1229.02
1229.04
1229.06
1229.07
1229.09
1229.11
1229.13
1229.15
1229.18
1229.2
1229.23
1229.26
1229.29
1229.33
1229.38
1229.43
1229.5
1229.58
1229.67
1229.79
1229.93
1230.11
1230.32
1230.58
1230.89
1231.26
1231.72
1232.26
1232.9
1233.66
1234.56
1235.61
1236.83
1238.25
1239.88
1241.75
1243.86
1246.25
1248.91
1251.87
1255.11
1258.63
1262.42
1266.45
1270.66
1275.01
1279.42
1283.82
1187.31
1187.31
1187.32
1187.32
1187.33
1187.33
1187.34
1187.35
1187.36
1187.38
1187.39
1187.41
1187.42
1187.44
1187.46
1187.48
1187.5
1187.52
1187.54
1187.56
1187.59
1187.61
1187.64
1187.68
1187.71
1187.76
1187.8
1187.86
1187.93
1188.01
1188.11
1188.23
1188.38
1188.55
1188.77
1189.03
1189.34
1189.72
1190.17
1190.7
1191.34
1192.1
1192.99
1194.03
1195.24
1196.64
1198.25
1200.1
1202.19
1204.55
1207.19
1210.11
1213.33
1216.84
1220.61
1224.63
1228.84
1233.2
1237.63
1242.05
1145.7
1145.7
1145.71
1145.71
1145.72
1145.73
1145.74
1145.75
1145.76
1145.77
1145.79
1145.8
1145.82
1145.84
1145.86
1145.88
1145.9
1145.92
1145.95
1145.97
1146
1146.03
1146.06
1146.09
1146.13
1146.18
1146.23
1146.29
1146.36
1146.44
1146.55
1146.67
1146.81
1146.99
1147.21
1147.47
1147.78
1148.15
1148.6
1149.13
1149.77
1150.51
1151.39
1152.42
1153.61
1154.99
1156.58
1158.4
1160.46
1162.79
1165.4
1168.3
1171.5
1174.99
1178.75
1182.77
1187
1191.38
1195.84
1200.3
1104.1
1104.1
1104.1
1104.11
1104.11
1104.12
1104.13
1104.14
1104.15
1104.17
1104.18
1104.2
1104.22
1104.24
1104.26
1104.28
1104.3
1104.33
1104.35
1104.38
1104.41
1104.44
1104.47
1104.51
1104.55
1104.6
1104.65
1104.71
1104.79
1104.87
1104.98
1105.1
1105.25
1105.42
1105.64
1105.9
1106.21
1106.58
1107.02
1107.54
1108.16
1108.9
1109.76
1110.77
1111.94
1113.3
1114.86
1116.65
1118.68
1120.98
1123.56
1126.43
1129.61
1133.08
1136.85
1140.87
1145.12
1149.54
1154.05
1158.56
1062.49
1062.49
1062.49
1062.5
1062.51
1062.51
1062.52
1062.54
1062.55
1062.56
1062.58
1062.6
1062.62
1062.64
1062.66
1062.68
1062.71
1062.73
1062.76
1062.79
1062.82
1062.85
1062.88
1062.92
1062.97
1063.02
1063.07
1063.14
1063.21
1063.3
1063.4
1063.52
1063.67
1063.85
1064.06
1064.32
1064.62
1064.98
1065.42
1065.93
1066.54
1067.26
1068.1
1069.09
1070.24
1071.57
1073.1
1074.85
1076.85
1079.11
1081.66
1084.51
1087.66
1091.12
1094.88
1098.93
1103.21
1107.68
1112.26
1116.85
1020.88
1020.88
1020.89
1020.89
1020.9
1020.91
1020.92
1020.93
1020.94
1020.96
1020.98
1020.99
1021.01
1021.04
1021.06
1021.08
1021.11
1021.14
1021.16
1021.19
1021.23
1021.26
1021.3
1021.34
1021.38
1021.43
1021.49
1021.56
1021.63
1021.72
1021.82
1021.95
1022.09
1022.27
1022.48
1022.73
1023.02
1023.38
1023.8
1024.3
1024.9
1025.6
1026.42
1027.38
1028.5
1029.79
1031.29
1033.01
1034.97
1037.19
1039.7
1042.52
1045.65
1049.1
1052.87
1056.94
1061.26
1065.8
1070.46
1075.15
979.271
979.273
979.277
979.283
979.29
979.299
979.311
979.323
979.338
979.354
979.372
979.391
979.412
979.435
979.459
979.484
979.51
979.539
979.569
979.6
979.634
979.67
979.709
979.751
979.797
979.849
979.907
979.973
980.049
980.137
980.241
980.362
980.506
980.678
980.882
981.125
981.415
981.76
982.17
982.656
983.231
983.909
984.705
985.636
986.721
987.981
989.437
991.111
993.028
995.212
997.683
1000.46
1003.57
1007.02
1010.79
1014.89
1019.28
1023.89
1028.66
1033.47
937.662
937.664
937.668
937.674
937.682
937.692
937.703
937.717
937.732
937.749
937.767
937.788
937.81
937.833
937.858
937.884
937.912
937.942
937.973
938.007
938.042
938.079
938.12
938.163
938.211
938.264
938.323
938.389
938.465
938.553
938.655
938.774
938.915
939.082
939.28
939.515
939.795
940.128
940.523
940.991
941.545
942.197
942.964
943.862
944.911
946.13
947.541
949.169
951.038
953.174
955.603
958.348
961.43
964.865
968.655
972.791
977.243
981.956
986.848
991.807
896.053
896.055
896.059
896.065
896.074
896.084
896.096
896.11
896.125
896.143
896.162
896.184
896.206
896.231
896.257
896.285
896.314
896.345
896.378
896.412
896.449
896.488
896.53
896.575
896.624
896.677
896.737
896.803
896.879
896.966
897.066
897.182
897.319
897.48
897.671
897.897
898.165
898.484
898.862
899.31
899.839
900.463
901.198
902.059
903.066
904.24
905.603
907.179
908.995
911.079
913.46
916.164
919.219
922.643
926.447
930.628
935.159
939.985
945.023
950.153
854.444
854.446
854.45
854.456
854.465
854.475
854.488
854.502
854.519
854.537
854.557
854.579
854.603
854.629
854.656
854.685
854.715
854.748
854.782
854.818
854.856
854.896
854.939
854.985
855.035
855.089
855.149
855.216
855.29
855.376
855.473
855.586
855.718
855.873
856.055
856.27
856.526
856.828
857.187
857.612
858.114
858.707
859.406
860.227
861.189
862.313
863.622
865.141
866.899
868.925
871.252
873.911
876.933
880.346
884.165
888.395
893.015
897.973
903.179
908.508
812.833
812.836
812.84
812.847
812.855
812.866
812.879
812.894
812.911
812.93
812.951
812.974
812.999
813.026
813.054
813.085
813.116
813.15
813.186
813.223
813.262
813.304
813.348
813.395
813.446
813.501
813.56
813.626
813.7
813.783
813.878
813.986
814.112
814.26
814.432
814.636
814.876
815.161
815.499
815.898
816.371
816.93
817.59
818.367
819.279
820.349
821.599
823.056
824.749
826.712
828.978
831.586
834.571
837.967
841.802
846.085
850.804
855.91
861.312
866.871
771.223
771.225
771.23
771.237
771.246
771.257
771.27
771.286
771.304
771.324
771.345
771.369
771.395
771.423
771.452
771.484
771.517
771.552
771.589
771.628
771.668
771.711
771.757
771.805
771.856
771.911
771.97
772.036
772.108
772.188
772.279
772.383
772.503
772.641
772.803
772.994
773.218
773.484
773.798
774.17
774.611
775.134
775.751
776.48
777.339
778.349
779.535
780.924
782.546
784.438
786.637
789.185
792.126
795.502
799.349
803.689
808.516
813.789
819.413
825.237
729.612
729.614
729.619
729.626
729.635
729.647
729.661
729.677
729.696
729.716
729.739
729.764
729.791
729.819
729.85
729.883
729.917
729.954
729.992
730.032
730.074
730.118
730.164
730.213
730.265
730.32
730.379
730.443
730.514
730.591
730.678
730.777
730.889
731.019
731.169
731.345
731.552
731.797
732.086
732.429
732.835
733.318
733.89
734.567
735.368
736.315
737.431
738.745
740.29
742.103
744.226
746.707
749.596
752.944
756.799
761.195
766.14
771.599
777.474
783.602
688.001
688.003
688.008
688.015
688.025
688.037
688.051
688.068
688.087
688.109
688.132
688.158
688.186
688.216
688.248
688.282
688.317
688.355
688.395
688.436
688.479
688.524
688.572
688.621
688.673
688.728
688.787
688.85
688.918
688.993
689.075
689.167
689.272
689.392
689.53
689.69
689.879
690.101
690.363
690.674
691.044
691.484
692.007
692.63
693.369
694.246
695.287
696.521
697.98
699.706
701.745
704.148
706.974
710.285
714.141
718.593
723.662
729.325
735.486
741.962
646.389
646.391
646.396
646.404
646.414
646.426
646.441
646.458
646.478
646.5
646.525
646.551
646.58
646.611
646.645
646.68
646.717
646.756
646.797
646.839
646.884
646.93
646.979
647.029
647.081
647.136
647.194
647.256
647.321
647.392
647.47
647.556
647.652
647.761
647.886
648.03
648.198
648.396
648.631
648.909
649.239
649.634
650.106
650.669
651.342
652.146
653.105
654.251
655.618
657.248
659.191
661.504
664.255
667.517
671.365
675.867
681.066
686.953
693.435
700.311
604.776
604.779
604.784
604.792
604.802
604.815
604.83
604.848
604.869
604.892
604.917
604.945
604.975
605.007
605.041
605.078
605.116
605.156
605.199
605.243
605.288
605.336
605.385
605.436
605.489
605.543
605.6
605.66
605.723
605.791
605.863
605.942
606.029
606.127
606.238
606.365
606.512
606.685
606.889
607.132
607.422
607.769
608.185
608.686
609.289
610.014
610.887
611.938
613.203
614.727
616.563
618.774
621.436
624.633
628.459
633.004
638.334
644.463
651.305
658.642
563.163
563.166
563.171
563.179
563.19
563.203
563.219
563.238
563.259
563.283
563.309
563.337
563.368
563.402
563.437
563.475
563.515
563.557
563.6
563.646
563.693
563.741
563.791
563.843
563.896
563.95
564.006
564.064
564.125
564.188
564.255
564.327
564.405
564.491
564.587
564.696
564.821
564.968
565.141
565.346
565.593
565.89
566.249
566.684
567.212
567.853
568.633
569.582
570.737
572.145
573.861
575.955
578.51
581.625
585.411
589.985
595.443
601.831
609.077
616.945
521.55
521.552
521.558
521.566
521.577
521.591
521.608
521.627
521.649
521.673
521.7
521.73
521.762
521.796
521.833
521.872
521.913
521.956
522.001
522.048
522.096
522.146
522.197
522.249
522.302
522.356
522.412
522.468
522.526
522.585
522.646
522.71
522.779
522.852
522.933
523.023
523.126
523.245
523.385
523.552
523.754
523.998
524.297
524.662
525.112
525.664
526.345
527.185
528.221
529.501
531.084
533.044
535.472
538.483
542.206
546.789
552.368
559.028
566.726
575.209
479.936
479.939
479.944
479.953
479.964
479.978
479.995
480.015
480.038
480.063
480.091
480.122
480.155
480.19
480.228
480.269
480.311
480.356
480.402
480.45
480.5
480.551
480.603
480.655
480.709
480.763
480.817
480.871
480.926
480.981
481.037
481.093
481.151
481.212
481.277
481.348
481.427
481.518
481.625
481.752
481.906
482.096
482.332
482.625
482.991
483.451
484.026
484.749
485.657
486.797
488.232
490.04
492.32
495.199
498.831
503.396
509.079
516.019
524.219
533.417
438.321
438.324
438.33
438.339
438.35
438.365
438.383
438.403
438.426
438.452
438.481
438.513
438.547
438.584
438.623
438.665
438.709
438.755
438.803
438.852
438.903
438.955
439.008
439.061
439.115
439.169
439.222
439.275
439.326
439.377
439.427
439.476
439.524
439.572
439.62
439.671
439.727
439.788
439.86
439.946
440.052
440.185
440.355
440.572
440.853
441.213
441.678
442.277
443.046
444.035
445.306
446.942
449.048
451.766
455.271
459.782
465.54
472.76
481.515
491.549
396.706
396.709
396.715
396.724
396.736
396.751
396.769
396.79
396.814
396.841
396.871
396.904
396.939
396.977
397.018
397.061
397.106
397.154
397.203
397.254
397.306
397.359
397.413
397.467
397.521
397.575
397.627
397.678
397.727
397.773
397.817
397.858
397.896
397.931
397.963
397.994
398.024
398.056
398.092
398.136
398.192
398.267
398.369
398.508
398.698
398.956
399.304
399.77
400.392
401.217
402.308
403.75
405.656
408.176
411.511
415.919
421.711
429.196
438.556
449.574
355.09
355.093
355.099
355.109
355.121
355.137
355.155
355.177
355.202
355.229
355.26
355.294
355.33
355.37
355.412
355.456
355.503
355.552
355.603
355.655
355.709
355.763
355.819
355.874
355.928
355.981
356.033
356.082
356.128
356.17
356.208
356.241
356.269
356.29
356.306
356.317
356.322
356.323
356.323
356.323
356.328
356.343
356.375
356.433
356.529
356.68
356.906
357.233
357.697
358.345
359.24
360.467
362.141
364.424
367.538
371.783
377.545
385.261
395.268
407.451
313.474
313.477
313.483
313.493
313.506
313.522
313.541
313.563
313.588
313.617
313.649
313.683
313.721
313.762
313.805
313.851
313.899
313.95
314.002
314.056
314.111
314.167
314.224
314.28
314.335
314.388
314.439
314.487
314.53
314.568
314.6
314.625
314.643
314.651
314.651
314.64
314.62
314.591
314.554
314.51
314.463
314.416
314.376
314.351
314.35
314.39
314.487
314.668
314.966
315.425
316.107
317.094
318.506
320.508
323.34
327.345
332.991
340.87
351.548
365.114
271.857
271.86
271.867
271.876
271.89
271.906
271.926
271.948
271.975
272.004
272.037
272.072
272.111
272.153
272.198
272.245
272.295
272.347
272.401
272.457
272.514
272.571
272.629
272.686
272.742
272.795
272.846
272.892
272.933
272.967
272.994
273.011
273.018
273.014
272.997
272.966
272.92
272.86
272.786
272.697
272.597
272.488
272.374
272.263
272.163
272.088
272.052
272.081
272.203
272.461
272.912
273.638
274.753
276.427
278.91
282.581
287.995
295.923
307.255
322.459
230.239
230.242
230.249
230.259
230.273
230.29
230.31
230.333
230.36
230.391
230.424
230.461
230.501
230.544
230.59
230.639
230.691
230.744
230.8
230.858
230.916
230.975
231.035
231.093
231.149
231.203
231.253
231.298
231.337
231.368
231.389
231.399
231.396
231.379
231.346
231.294
231.223
231.132
231.02
230.887
230.733
230.56
230.372
230.173
229.972
229.777
229.605
229.474
229.413
229.458
229.664
230.104
230.889
232.185
234.245
237.471
242.499
250.301
262.194
279.315
188.621
188.624
188.631
188.641
188.655
188.673
188.693
188.717
188.745
188.776
188.811
188.849
188.89
188.934
188.982
189.032
189.086
189.141
189.199
189.258
189.319
189.379
189.44
189.5
189.557
189.612
189.662
189.706
189.742
189.77
189.786
189.789
189.777
189.747
189.698
189.626
189.531
189.409
189.259
189.08
188.872
188.636
188.372
188.084
187.779
187.463
187.149
186.854
186.601
186.424
186.368
186.502
186.924
187.791
189.347
192.003
196.452
203.868
216.095
235.375
147.002
147.005
147.012
147.023
147.037
147.055
147.076
147.101
147.129
147.161
147.197
147.236
147.278
147.324
147.373
147.425
147.48
147.538
147.597
147.658
147.721
147.783
147.846
147.907
147.966
148.021
148.071
148.115
148.15
148.174
148.186
148.183
148.162
148.12
148.055
147.963
147.843
147.69
147.504
147.28
147.018
146.717
146.377
145.999
145.588
145.148
144.69
144.226
143.775
143.365
143.035
142.842
142.872
143.26
144.232
146.179
149.817
156.478
168.595
190.068
105.382
105.386
105.393
105.404
105.418
105.436
105.458
105.484
105.513
105.546
105.582
105.622
105.666
105.713
105.764
105.818
105.874
105.933
105.995
106.058
106.123
106.188
106.252
106.315
106.375
106.432
106.482
106.526
106.56
106.582
106.589
106.58
106.55
106.497
106.417
106.306
106.162
105.979
105.755
105.487
105.171
104.805
104.389
103.92
103.402
102.837
102.231
101.594
100.941
100.291
99.6751
99.1379
98.7475
98.6133
98.9227
100.02
102.581
108.007
119.238
142.254
63.7616
63.7653
63.7727
63.7838
63.7986
63.8172
63.8395
63.8657
63.8956
63.9293
63.9668
64.0081
64.0531
64.1017
64.1538
64.2092
64.2677
64.329
64.3926
64.458
64.5247
64.5918
64.6584
64.7234
64.7856
64.8434
64.895
64.9385
64.9715
64.9915
64.9956
64.9806
64.9431
64.8791
64.7848
64.6559
64.4878
64.276
64.0161
63.7035
63.3342
62.9042
62.4107
61.8515
61.2257
60.5339
59.7791
58.9666
58.1056
57.2097
56.2993
55.4047
54.5726
53.8787
53.4573
53.5697
54.7765
58.3824
67.5413
89.5223
22.1422
22.146
22.1536
22.165
22.1803
22.1994
22.2224
22.2494
22.2803
22.3151
22.3539
22.3966
22.4433
22.4937
22.5479
22.6055
22.6664
22.7303
22.7967
22.8652
22.9349
23.0051
23.0749
23.1429
23.2079
23.268
23.3215
23.3659
23.3988
23.4171
23.4177
23.3969
23.3504
23.2741
23.1629
23.0117
22.8152
22.5674
22.2627
21.895
21.4585
20.9475
20.3567
19.6815
18.918
18.0634
17.1161
16.0762
14.9456
13.7284
12.4311
11.0635
9.63967
8.18176
6.73035
5.37701
4.37171
4.5159
8.72945
22.8382
1707.05
1710.05
1712.96
1715.75
1718.41
1720.9
1723.2
1725.3
1727.18
1728.83
1730.22
1731.34
1732.19
1732.77
1733.05
1733.05
1732.77
1732.19
1731.34
1730.22
1728.83
1727.18
1725.3
1723.2
1720.9
1718.41
1715.75
1712.96
1710.05
1707.05
1664.65
1667.49
1670.24
1672.88
1675.38
1677.74
1679.91
1681.9
1683.67
1685.22
1686.53
1687.59
1688.39
1688.93
1689.21
1689.21
1688.93
1688.39
1687.59
1686.53
1685.22
1683.67
1681.9
1679.91
1677.74
1675.38
1672.88
1670.24
1667.49
1664.65
1622.57
1625.32
1627.99
1630.55
1632.97
1635.25
1637.36
1639.28
1640.99
1642.49
1643.76
1644.79
1645.57
1646.09
1646.35
1646.35
1646.09
1645.57
1644.79
1643.76
1642.49
1640.99
1639.28
1637.36
1635.25
1632.97
1630.55
1627.99
1625.32
1622.57
1580.53
1583.21
1585.8
1588.29
1590.65
1592.86
1594.91
1596.77
1598.44
1599.9
1601.13
1602.13
1602.88
1603.39
1603.64
1603.64
1603.39
1602.88
1602.13
1601.13
1599.9
1598.44
1596.77
1594.91
1592.86
1590.65
1588.29
1585.8
1583.21
1580.53
1538.52
1541.14
1543.68
1546.1
1548.41
1550.57
1552.56
1554.38
1556.01
1557.43
1558.63
1559.6
1560.34
1560.83
1561.08
1561.08
1560.83
1560.34
1559.6
1558.63
1557.43
1556.01
1554.38
1552.56
1550.57
1548.41
1546.1
1543.68
1541.14
1538.52
1496.55
1499.12
1501.61
1503.99
1506.25
1508.36
1510.32
1512.1
1513.69
1515.08
1516.26
1517.21
1517.93
1518.41
1518.65
1518.65
1518.41
1517.93
1517.21
1516.26
1515.08
1513.69
1512.1
1510.32
1508.36
1506.25
1503.99
1501.61
1499.12
1496.55
1454.62
1457.15
1459.6
1461.94
1464.16
1466.25
1468.17
1469.92
1471.49
1472.85
1474.01
1474.94
1475.65
1476.13
1476.37
1476.37
1476.13
1475.65
1474.94
1474.01
1472.85
1471.49
1469.92
1468.17
1466.25
1464.16
1461.94
1459.6
1457.15
1454.62
1412.73
1415.23
1417.65
1419.97
1422.16
1424.22
1426.12
1427.85
1429.4
1430.74
1431.89
1432.81
1433.51
1433.98
1434.21
1434.21
1433.98
1433.51
1432.81
1431.89
1430.74
1429.4
1427.85
1426.12
1424.22
1422.16
1419.97
1417.65
1415.23
1412.73
1370.87
1373.35
1375.76
1378.06
1380.24
1382.28
1384.17
1385.88
1387.42
1388.75
1389.88
1390.8
1391.49
1391.96
1392.19
1392.19
1391.96
1391.49
1390.8
1389.88
1388.75
1387.42
1385.88
1384.17
1382.28
1380.24
1378.06
1375.76
1373.35
1370.87
1329.05
1331.53
1333.92
1336.22
1338.39
1340.43
1342.31
1344.02
1345.55
1346.88
1348
1348.92
1349.61
1350.07
1350.3
1350.3
1350.07
1349.61
1348.92
1348
1346.88
1345.55
1344.02
1342.31
1340.43
1338.39
1336.22
1333.92
1331.53
1329.05
1287.26
1289.74
1292.15
1294.44
1296.62
1298.66
1300.54
1302.26
1303.79
1305.12
1306.25
1307.16
1307.85
1308.31
1308.54
1308.54
1308.31
1307.85
1307.16
1306.25
1305.12
1303.79
1302.26
1300.54
1298.66
1296.62
1294.44
1292.15
1289.74
1287.26
1245.51
1248.01
1250.43
1252.74
1254.93
1256.98
1258.88
1260.6
1262.14
1263.48
1264.61
1265.52
1266.21
1266.68
1266.91
1266.91
1266.68
1266.21
1265.52
1264.61
1263.48
1262.14
1260.6
1258.88
1256.98
1254.93
1252.74
1250.43
1248.01
1245.51
1203.8
1206.32
1208.77
1211.1
1213.32
1215.39
1217.31
1219.05
1220.6
1221.95
1223.09
1224.01
1224.71
1225.18
1225.41
1225.41
1225.18
1224.71
1224.01
1223.09
1221.95
1220.6
1219.05
1217.31
1215.39
1213.32
1211.1
1208.77
1206.32
1203.8
1162.12
1164.68
1167.16
1169.54
1171.79
1173.89
1175.84
1177.6
1179.17
1180.54
1181.7
1182.63
1183.34
1183.81
1184.05
1184.05
1183.81
1183.34
1182.63
1181.7
1180.54
1179.17
1177.6
1175.84
1173.89
1171.79
1169.54
1167.16
1164.68
1162.12
1120.47
1123.09
1125.62
1128.04
1130.34
1132.48
1134.46
1136.26
1137.86
1139.25
1140.43
1141.38
1142.09
1142.57
1142.81
1142.81
1142.57
1142.09
1141.38
1140.43
1139.25
1137.86
1136.26
1134.46
1132.48
1130.34
1128.04
1125.62
1123.09
1120.47
1078.86
1081.54
1084.14
1086.62
1088.97
1091.17
1093.19
1095.03
1096.67
1098.09
1099.29
1100.25
1100.98
1101.47
1101.72
1101.72
1101.47
1100.98
1100.25
1099.29
1098.09
1096.67
1095.03
1093.19
1091.17
1088.97
1086.62
1084.14
1081.54
1078.86
1037.29
1040.05
1042.72
1045.27
1047.69
1049.95
1052.03
1053.92
1055.59
1057.05
1058.27
1059.26
1060.01
1060.51
1060.76
1060.76
1060.51
1060.01
1059.26
1058.27
1057.05
1055.59
1053.92
1052.03
1049.95
1047.69
1045.27
1042.72
1040.05
1037.29
995.75
998.599
1001.36
1004
1006.5
1008.83
1010.98
1012.92
1014.64
1016.14
1017.4
1018.41
1019.17
1019.68
1019.94
1019.94
1019.68
1019.17
1018.41
1017.4
1016.14
1014.64
1012.92
1010.98
1008.83
1006.5
1004
1001.36
998.599
995.75
954.245
957.202
960.067
962.809
965.401
967.817
970.037
972.043
973.822
975.362
976.655
977.696
978.48
979.003
979.266
979.266
979.003
978.48
977.696
976.655
975.362
973.822
972.043
970.037
967.817
965.401
962.809
960.067
957.202
954.245
912.774
915.858
918.845
921.703
924.401
926.914
929.218
931.296
933.135
934.725
936.057
937.127
937.932
938.47
938.739
938.739
938.47
937.932
937.127
936.057
934.725
933.135
931.296
929.218
926.914
924.401
921.703
918.845
915.858
912.774
871.337
874.567
877.696
880.687
883.507
886.127
888.526
890.684
892.589
894.231
895.606
896.708
897.535
898.087
898.363
898.363
898.087
897.535
896.708
895.606
894.231
892.589
890.684
888.526
886.127
883.507
880.687
877.696
874.567
871.337
829.935
833.334
836.625
839.767
842.724
845.466
847.968
850.214
852.19
853.889
855.308
856.442
857.293
857.86
858.143
858.143
857.86
857.293
856.442
855.308
853.889
852.19
850.214
847.968
845.466
842.724
839.767
836.625
833.334
829.935
788.569
792.161
795.638
798.952
802.063
804.939
807.556
809.895
811.947
813.706
815.169
816.337
817.211
817.792
818.082
818.082
817.792
817.211
816.337
815.169
813.706
811.947
809.895
807.556
804.939
802.063
798.952
795.638
792.161
788.569
747.238
751.053
754.741
758.25
761.534
764.559
767.299
769.738
771.869
773.688
775.196
776.397
777.293
777.888
778.184
778.184
777.888
777.293
776.397
775.196
773.688
771.869
769.738
767.299
764.559
761.534
758.25
754.741
751.053
747.238
705.944
710.015
713.946
717.675
721.152
724.338
727.21
729.755
731.966
733.845
735.397
736.628
737.544
738.151
738.454
738.454
738.151
737.544
736.628
735.397
733.845
731.966
729.755
727.21
724.338
721.152
717.675
713.946
710.015
705.944
664.689
669.056
673.265
677.243
680.932
684.295
687.307
689.959
692.25
694.187
695.779
697.036
697.969
698.586
698.893
698.893
698.586
697.969
697.036
695.779
694.187
692.25
689.959
687.307
684.295
680.932
677.243
673.265
669.056
664.689
623.476
628.187
632.714
636.972
640.897
644.448
647.606
650.365
652.733
654.723
656.348
657.627
658.572
659.195
659.505
659.505
659.195
658.572
657.627
656.348
654.723
652.733
650.365
647.606
644.448
640.897
636.972
632.714
628.187
623.476
582.309
587.421
592.315
596.888
601.071
604.823
608.128
610.992
613.43
615.462
617.113
618.405
619.356
619.981
620.291
620.291
619.981
619.356
618.405
617.113
615.462
613.43
610.992
608.128
604.823
601.071
596.888
592.315
587.421
582.309
541.193
546.777
552.095
557.025
561.488
565.448
568.9
571.859
574.354
576.417
578.081
579.375
580.323
580.944
581.252
581.252
580.944
580.323
579.375
578.081
576.417
574.354
571.859
568.9
565.448
561.488
557.025
552.095
546.777
541.193
500.138
506.284
512.094
517.423
522.188
526.359
529.948
532.987
535.521
537.596
539.256
540.538
541.473
542.084
542.386
542.386
542.084
541.473
540.538
539.256
537.596
535.521
532.987
529.948
526.359
522.188
517.423
512.094
506.284
500.138
459.158
465.979
472.364
478.14
483.221
487.598
491.305
494.399
496.946
499.009
500.644
501.898
502.807
503.398
503.689
503.689
503.398
502.807
501.898
500.644
499.009
496.946
494.399
491.305
487.598
483.221
478.14
472.364
465.979
459.158
418.274
425.918
432.978
439.246
444.652
449.215
453.007
456.119
458.644
460.663
462.247
463.451
464.318
464.88
465.156
465.156
464.88
464.318
463.451
462.247
460.663
458.644
456.119
453.007
449.215
444.652
439.246
432.978
425.918
418.274
377.521
386.187
394.036
400.838
406.555
411.265
415.091
418.17
420.626
422.562
424.062
425.193
426.002
426.523
426.779
426.779
426.523
426.002
425.193
424.062
422.562
420.626
418.17
415.091
411.265
406.555
400.838
394.036
386.187
377.521
336.961
346.914
355.683
363.04
369.026
373.811
377.596
380.572
382.899
384.705
386.087
387.117
387.848
388.316
388.545
388.545
388.316
387.848
387.117
386.087
384.705
382.899
380.572
377.596
373.811
369.026
363.04
355.683
346.914
336.961
296.707
308.309
318.125
326.013
332.173
336.919
340.556
343.339
345.467
347.087
348.308
349.208
349.841
350.244
350.44
350.44
350.244
349.841
349.208
348.308
347.087
345.467
343.339
340.556
336.919
332.173
326.013
318.125
308.309
296.707
256.987
270.707
281.652
289.957
296.116
300.651
303.996
306.474
308.319
309.694
310.711
311.45
311.963
312.288
312.445
312.445
312.288
311.963
311.45
310.711
309.694
308.319
306.474
303.996
300.651
296.116
289.957
281.652
270.707
256.987
218.294
234.665
246.664
255.109
260.972
265.053
267.923
269.966
271.437
272.501
273.27
273.818
274.192
274.426
274.539
274.539
274.426
274.192
273.818
273.27
272.501
271.437
269.966
267.923
265.053
260.972
255.109
246.664
234.665
218.294
181.787
201.084
213.676
221.712
226.831
230.136
232.315
233.78
234.782
235.475
235.955
236.283
236.5
236.633
236.695
236.695
236.633
236.5
236.283
235.955
235.475
234.782
233.78
232.315
230.136
226.831
221.712
213.676
201.084
181.787
150.396
171.273
183.251
189.956
193.71
195.854
197.107
197.854
198.302
198.569
198.724
198.811
198.856
198.879
198.887
198.887
198.879
198.856
198.811
198.724
198.569
198.302
197.854
197.107
195.854
193.71
189.956
183.251
171.273
150.396
134.553
152.494
160.848
163.655
164.397
164.39
164.116
163.76
163.397
163.058
162.762
162.517
162.329
162.202
162.138
162.138
162.202
162.329
162.517
162.762
163.058
163.397
163.76
164.116
164.39
164.397
163.655
160.848
152.494
134.553
1702.93
1697.69
1692.46
1687.34
1682.41
1677.75
1673.41
1669.43
1665.81
1662.58
1659.72
1657.22
1655.05
1653.2
1651.62
1650.3
1649.19
1648.28
1647.54
1646.94
1646.45
1646.07
1645.77
1645.54
1645.37
1645.24
1645.15
1645.09
1645.05
1645.02
1645.01
1645
1645
1645.01
1645.01
1645.02
1645.03
1645.03
1645.04
1645.04
1645.04
1645.04
1645.04
1645.04
1645.03
1645.03
1645.02
1645.02
1645.01
1645
1645
1644.99
1644.98
1644.98
1644.97
1644.97
1644.96
1644.96
1644.96
1644.96
1660.74
1655.75
1650.76
1645.86
1641.13
1636.63
1632.42
1628.53
1624.98
1621.79
1618.95
1616.44
1614.26
1612.37
1610.75
1609.38
1608.22
1607.26
1606.46
1605.81
1605.28
1604.85
1604.51
1604.24
1604.03
1603.87
1603.75
1603.66
1603.6
1603.55
1603.52
1603.5
1603.49
1603.48
1603.48
1603.48
1603.48
1603.47
1603.47
1603.47
1603.47
1603.47
1603.46
1603.46
1603.45
1603.44
1603.44
1603.43
1603.42
1603.41
1603.41
1603.4
1603.39
1603.39
1603.38
1603.38
1603.37
1603.37
1603.37
1603.37
1618.77
1613.92
1609.06
1604.28
1599.65
1595.25
1591.11
1587.28
1583.78
1580.61
1577.78
1575.28
1573.09
1571.18
1569.55
1568.15
1566.97
1565.98
1565.15
1564.47
1563.92
1563.46
1563.1
1562.81
1562.58
1562.4
1562.27
1562.16
1562.08
1562.03
1561.98
1561.95
1561.93
1561.92
1561.91
1561.9
1561.9
1561.89
1561.89
1561.88
1561.88
1561.87
1561.87
1561.86
1561.85
1561.85
1561.84
1561.83
1561.82
1561.81
1561.8
1561.8
1561.79
1561.78
1561.78
1561.77
1561.77
1561.77
1561.76
1561.76
1576.83
1572.1
1567.35
1562.67
1558.14
1553.81
1549.74
1545.96
1542.5
1539.36
1536.55
1534.05
1531.86
1529.95
1528.29
1526.88
1525.68
1524.66
1523.82
1523.11
1522.53
1522.06
1521.67
1521.36
1521.12
1520.92
1520.77
1520.65
1520.56
1520.49
1520.44
1520.41
1520.38
1520.36
1520.34
1520.33
1520.32
1520.31
1520.3
1520.3
1520.29
1520.28
1520.27
1520.27
1520.26
1520.25
1520.24
1520.23
1520.22
1520.21
1520.2
1520.19
1520.19
1520.18
1520.17
1520.17
1520.16
1520.16
1520.16
1520.16
1534.9
1530.27
1525.62
1521.03
1516.58
1512.32
1508.32
1504.59
1501.16
1498.05
1495.25
1492.77
1490.57
1488.66
1486.99
1485.57
1484.35
1483.32
1482.45
1481.73
1481.13
1480.63
1480.23
1479.91
1479.64
1479.43
1479.27
1479.14
1479.04
1478.96
1478.9
1478.85
1478.82
1478.79
1478.77
1478.75
1478.74
1478.73
1478.72
1478.71
1478.7
1478.69
1478.68
1478.67
1478.66
1478.65
1478.64
1478.63
1478.62
1478.61
1478.6
1478.59
1478.58
1478.58
1478.57
1478.56
1478.56
1478.56
1478.55
1478.55
1493
1488.45
1483.88
1479.37
1474.98
1470.79
1466.83
1463.15
1459.76
1456.68
1453.9
1451.42
1449.23
1447.32
1445.65
1444.21
1442.98
1441.94
1441.06
1440.32
1439.7
1439.19
1438.78
1438.44
1438.16
1437.94
1437.76
1437.62
1437.51
1437.42
1437.35
1437.3
1437.26
1437.23
1437.2
1437.18
1437.16
1437.15
1437.13
1437.12
1437.11
1437.1
1437.09
1437.07
1437.06
1437.05
1437.04
1437.03
1437.02
1437.01
1437
1436.99
1436.98
1436.97
1436.96
1436.96
1436.95
1436.95
1436.95
1436.95
1451.12
1446.64
1442.13
1437.68
1433.35
1429.21
1425.3
1421.65
1418.3
1415.24
1412.48
1410.02
1407.84
1405.93
1404.26
1402.82
1401.58
1400.52
1399.63
1398.88
1398.25
1397.73
1397.3
1396.95
1396.66
1396.43
1396.25
1396.1
1395.98
1395.88
1395.81
1395.75
1395.7
1395.66
1395.63
1395.6
1395.58
1395.56
1395.55
1395.53
1395.52
1395.5
1395.49
1395.48
1395.46
1395.45
1395.44
1395.43
1395.42
1395.4
1395.39
1395.38
1395.38
1395.37
1395.36
1395.35
1395.35
1395.35
1395.34
1395.34
1409.26
1404.83
1400.37
1395.96
1391.68
1387.58
1383.71
1380.1
1376.78
1373.75
1371.01
1368.56
1366.39
1364.49
1362.82
1361.38
1360.14
1359.08
1358.18
1357.42
1356.79
1356.26
1355.82
1355.46
1355.16
1354.92
1354.72
1354.56
1354.44
1354.34
1354.25
1354.19
1354.14
1354.09
1354.06
1354.03
1354
1353.98
1353.96
1353.94
1353.93
1353.91
1353.9
1353.88
1353.87
1353.85
1353.84
1353.83
1353.81
1353.8
1353.79
1353.78
1353.77
1353.76
1353.76
1353.75
1353.74
1353.74
1353.74
1353.74
1367.43
1363.02
1358.59
1354.22
1349.97
1345.91
1342.07
1338.49
1335.2
1332.19
1329.48
1327.05
1324.9
1323
1321.34
1319.9
1318.67
1317.6
1316.7
1315.94
1315.3
1314.76
1314.31
1313.95
1313.64
1313.39
1313.19
1313.03
1312.89
1312.79
1312.7
1312.63
1312.57
1312.52
1312.48
1312.45
1312.42
1312.4
1312.38
1312.36
1312.34
1312.32
1312.3
1312.29
1312.27
1312.25
1312.24
1312.23
1312.21
1312.2
1312.19
1312.18
1312.17
1312.16
1312.15
1312.14
1312.14
1312.13
1312.13
1312.13
1325.61
1321.22
1316.81
1312.45
1308.23
1304.19
1300.38
1296.83
1293.56
1290.58
1287.89
1285.48
1283.35
1281.46
1279.82
1278.39
1277.15
1276.1
1275.2
1274.43
1273.79
1273.25
1272.8
1272.42
1272.11
1271.86
1271.65
1271.48
1271.34
1271.23
1271.14
1271.06
1271
1270.95
1270.91
1270.87
1270.84
1270.81
1270.79
1270.77
1270.75
1270.73
1270.71
1270.69
1270.67
1270.66
1270.64
1270.62
1270.61
1270.6
1270.58
1270.57
1270.56
1270.55
1270.54
1270.54
1270.53
1270.53
1270.53
1270.52
1283.82
1279.42
1275.01
1270.66
1266.45
1262.42
1258.63
1255.11
1251.87
1248.91
1246.25
1243.86
1241.75
1239.88
1238.25
1236.83
1235.61
1234.56
1233.66
1232.9
1232.26
1231.72
1231.26
1230.89
1230.58
1230.32
1230.11
1229.93
1229.79
1229.67
1229.58
1229.5
1229.43
1229.38
1229.33
1229.29
1229.26
1229.23
1229.2
1229.18
1229.15
1229.13
1229.11
1229.09
1229.07
1229.06
1229.04
1229.02
1229.01
1228.99
1228.98
1228.97
1228.96
1228.95
1228.94
1228.93
1228.93
1228.92
1228.92
1228.92
1242.05
1237.63
1233.2
1228.84
1224.63
1220.61
1216.84
1213.33
1210.11
1207.19
1204.55
1202.19
1200.1
1198.25
1196.64
1195.24
1194.03
1192.99
1192.1
1191.34
1190.7
1190.17
1189.72
1189.34
1189.03
1188.77
1188.55
1188.38
1188.23
1188.11
1188.01
1187.93
1187.86
1187.8
1187.76
1187.71
1187.68
1187.64
1187.61
1187.59
1187.56
1187.54
1187.52
1187.5
1187.48
1187.46
1187.44
1187.42
1187.41
1187.39
1187.38
1187.36
1187.35
1187.34
1187.33
1187.33
1187.32
1187.32
1187.31
1187.31
1200.3
1195.84
1191.38
1187
1182.77
1178.75
1174.99
1171.5
1168.3
1165.4
1162.79
1160.46
1158.4
1156.58
1154.99
1153.61
1152.42
1151.39
1150.51
1149.77
1149.13
1148.6
1148.15
1147.78
1147.47
1147.21
1146.99
1146.81
1146.67
1146.55
1146.44
1146.36
1146.29
1146.23
1146.18
1146.13
1146.09
1146.06
1146.03
1146
1145.97
1145.95
1145.92
1145.9
1145.88
1145.86
1145.84
1145.82
1145.8
1145.79
1145.77
1145.76
1145.75
1145.74
1145.73
1145.72
1145.71
1145.71
1145.7
1145.7
1158.56
1154.05
1149.54
1145.12
1140.87
1136.85
1133.08
1129.61
1126.43
1123.56
1120.98
1118.68
1116.65
1114.86
1113.3
1111.94
1110.77
1109.76
1108.9
1108.16
1107.54
1107.02
1106.58
1106.21
1105.9
1105.64
1105.42
1105.25
1105.1
1104.98
1104.87
1104.79
1104.71
1104.65
1104.6
1104.55
1104.51
1104.47
1104.44
1104.41
1104.38
1104.35
1104.33
1104.3
1104.28
1104.26
1104.24
1104.22
1104.2
1104.18
1104.17
1104.15
1104.14
1104.13
1104.12
1104.11
1104.11
1104.1
1104.1
1104.1
1116.85
1112.26
1107.68
1103.21
1098.93
1094.88
1091.12
1087.66
1084.51
1081.66
1079.11
1076.85
1074.85
1073.1
1071.57
1070.24
1069.09
1068.1
1067.26
1066.54
1065.93
1065.42
1064.98
1064.62
1064.32
1064.06
1063.85
1063.67
1063.52
1063.4
1063.3
1063.21
1063.14
1063.07
1063.02
1062.97
1062.92
1062.88
1062.85
1062.82
1062.79
1062.76
1062.73
1062.71
1062.68
1062.66
1062.64
1062.62
1062.6
1062.58
1062.56
1062.55
1062.54
1062.52
1062.51
1062.51
1062.5
1062.49
1062.49
1062.49
1075.15
1070.46
1065.8
1061.26
1056.94
1052.87
1049.1
1045.65
1042.52
1039.7
1037.19
1034.97
1033.01
1031.29
1029.79
1028.5
1027.38
1026.42
1025.6
1024.9
1024.3
1023.8
1023.38
1023.02
1022.73
1022.48
1022.27
1022.09
1021.95
1021.82
1021.72
1021.63
1021.56
1021.49
1021.43
1021.38
1021.34
1021.3
1021.26
1021.23
1021.19
1021.16
1021.14
1021.11
1021.08
1021.06
1021.04
1021.01
1020.99
1020.98
1020.96
1020.94
1020.93
1020.92
1020.91
1020.9
1020.89
1020.89
1020.88
1020.88
1033.47
1028.66
1023.89
1019.28
1014.89
1010.79
1007.02
1003.57
1000.46
997.683
995.212
993.028
991.111
989.437
987.981
986.721
985.636
984.705
983.909
983.231
982.656
982.17
981.76
981.415
981.125
980.882
980.678
980.506
980.362
980.241
980.137
980.049
979.973
979.907
979.849
979.797
979.751
979.709
979.67
979.634
979.6
979.569
979.539
979.51
979.484
979.459
979.435
979.412
979.391
979.372
979.354
979.338
979.323
979.311
979.299
979.29
979.283
979.277
979.273
979.271
991.807
986.848
981.956
977.243
972.791
968.655
964.865
961.43
958.348
955.603
953.174
951.038
949.169
947.541
946.13
944.911
943.862
942.964
942.197
941.545
940.991
940.523
940.128
939.795
939.515
939.28
939.082
938.915
938.774
938.655
938.553
938.465
938.389
938.323
938.264
938.211
938.163
938.12
938.079
938.042
938.007
937.973
937.942
937.912
937.884
937.858
937.833
937.81
937.788
937.767
937.749
937.732
937.717
937.703
937.692
937.682
937.674
937.668
937.664
937.662
950.153
945.023
939.985
935.159
930.628
926.447
922.643
919.219
916.164
913.46
911.079
908.995
907.179
905.603
904.24
903.066
902.059
901.198
900.463
899.839
899.31
898.862
898.484
898.165
897.897
897.671
897.48
897.319
897.182
897.066
896.966
896.879
896.803
896.737
896.677
896.624
896.575
896.53
896.488
896.449
896.412
896.378
896.345
896.314
896.285
896.257
896.231
896.206
896.184
896.162
896.143
896.125
896.11
896.096
896.084
896.074
896.065
896.059
896.055
896.053
908.508
903.179
897.973
893.015
888.395
884.165
880.346
876.933
873.911
871.252
868.925
866.899
865.141
863.622
862.313
861.189
860.227
859.406
858.707
858.114
857.612
857.187
856.828
856.526
856.27
856.055
855.873
855.718
855.586
855.473
855.376
855.29
855.216
855.149
855.089
855.035
854.985
854.939
854.896
854.856
854.818
854.782
854.748
854.715
854.685
854.656
854.629
854.603
854.579
854.557
854.537
854.519
854.502
854.488
854.475
854.465
854.456
854.45
854.446
854.444
866.871
861.312
855.91
850.804
846.085
841.802
837.967
834.571
831.586
828.978
826.712
824.749
823.056
821.599
820.349
819.279
818.367
817.59
816.93
816.371
815.898
815.499
815.161
814.876
814.636
814.432
814.26
814.112
813.986
813.878
813.783
813.7
813.626
813.56
813.501
813.446
813.395
813.348
813.304
813.262
813.223
813.186
813.15
813.116
813.085
813.054
813.026
812.999
812.974
812.951
812.93
812.911
812.894
812.879
812.866
812.855
812.847
812.84
812.836
812.833
825.237
819.413
813.789
808.516
803.689
799.349
795.502
792.126
789.185
786.637
784.438
782.546
780.924
779.535
778.349
777.339
776.48
775.751
775.134
774.611
774.17
773.798
773.484
773.218
772.994
772.803
772.641
772.503
772.383
772.279
772.188
772.108
772.036
771.97
771.911
771.856
771.805
771.757
771.711
771.668
771.628
771.589
771.552
771.517
771.484
771.452
771.423
771.395
771.369
771.345
771.324
771.304
771.286
771.27
771.257
771.246
771.237
771.23
771.225
771.223
783.602
777.474
771.599
766.14
761.195
756.799
752.944
749.596
746.707
744.226
742.103
740.29
738.745
737.431
736.315
735.368
734.567
733.89
733.318
732.835
732.429
732.086
731.797
731.552
731.345
731.169
731.019
730.889
730.777
730.678
730.591
730.514
730.443
730.379
730.32
730.265
730.213
730.164
730.118
730.074
730.032
729.992
729.954
729.917
729.883
729.85
729.819
729.791
729.764
729.739
729.716
729.696
729.677
729.661
729.647
729.635
729.626
729.619
729.614
729.612
741.962
735.486
729.325
723.662
718.593
714.141
710.285
706.974
704.148
701.745
699.706
697.98
696.521
695.287
694.246
693.369
692.63
692.007
691.484
691.044
690.674
690.363
690.101
689.879
689.69
689.53
689.392
689.272
689.167
689.075
688.993
688.918
688.85
688.787
688.728
688.673
688.621
688.572
688.524
688.479
688.436
688.395
688.355
688.317
688.282
688.248
688.216
688.186
688.158
688.132
688.109
688.087
688.068
688.051
688.037
688.025
688.015
688.008
688.003
688.001
700.311
693.435
686.953
681.066
675.867
671.365
667.517
664.255
661.504
659.191
657.248
655.618
654.251
653.105
652.146
651.342
650.669
650.106
649.634
649.239
648.909
648.631
648.396
648.198
648.03
647.886
647.761
647.652
647.556
647.47
647.392
647.321
647.256
647.194
647.136
647.081
647.029
646.979
646.93
646.884
646.839
646.797
646.756
646.717
646.68
646.645
646.611
646.58
646.551
646.525
646.5
646.478
646.458
646.441
646.426
646.414
646.404
646.396
646.391
646.389
658.642
651.305
644.463
638.334
633.004
628.459
624.633
621.436
618.774
616.563
614.727
613.203
611.938
610.887
610.014
609.289
608.686
608.185
607.769
607.422
607.132
606.889
606.685
606.512
606.365
606.238
606.127
606.029
605.942
605.863
605.791
605.723
605.66
605.6
605.543
605.489
605.436
605.385
605.336
605.288
605.243
605.199
605.156
605.116
605.078
605.041
605.007
604.975
604.945
604.917
604.892
604.869
604.848
604.83
604.815
604.802
604.792
604.784
604.779
604.776
616.945
609.077
601.831
595.443
589.985
585.411
581.625
578.51
575.955
573.861
572.145
570.737
569.582
568.633
567.853
567.212
566.684
566.249
565.89
565.593
565.346
565.141
564.968
564.821
564.696
564.587
564.491
564.405
564.327
564.255
564.188
564.125
564.064
564.006
563.95
563.896
563.843
563.791
563.741
563.693
563.646
563.6
563.557
563.515
563.475
563.437
563.402
563.368
563.337
563.309
563.283
563.259
563.238
563.219
563.203
563.19
563.179
563.171
563.166
563.163
575.209
566.726
559.028
552.368
546.789
542.206
538.483
535.472
533.044
531.084
529.501
528.221
527.185
526.345
525.664
525.112
524.662
524.297
523.998
523.754
523.552
523.385
523.245
523.126
523.023
522.933
522.852
522.779
522.71
522.646
522.585
522.526
522.468
522.412
522.356
522.302
522.249
522.197
522.146
522.096
522.048
522.001
521.956
521.913
521.872
521.833
521.796
521.762
521.73
521.7
521.673
521.649
521.627
521.608
521.591
521.577
521.566
521.558
521.552
521.55
533.417
524.219
516.019
509.079
503.396
498.831
495.199
492.32
490.04
488.232
486.797
485.657
484.749
484.026
483.451
482.991
482.625
482.332
482.096
481.906
481.752
481.625
481.518
481.427
481.348
481.277
481.212
481.151
481.093
481.037
480.981
480.926
480.871
480.817
480.763
480.709
480.655
480.603
480.551
480.5
480.45
480.402
480.356
480.311
480.269
480.228
480.19
480.155
480.122
480.091
480.063
480.038
480.015
479.995
479.978
479.964
479.953
479.944
479.939
479.936
491.549
481.515
472.76
465.54
459.782
455.271
451.766
449.048
446.942
445.306
444.035
443.046
442.277
441.678
441.213
440.853
440.572
440.355
440.185
440.052
439.946
439.86
439.788
439.727
439.671
439.62
439.572
439.524
439.476
439.427
439.377
439.326
439.275
439.222
439.169
439.115
439.061
439.008
438.955
438.903
438.852
438.803
438.755
438.709
438.665
438.623
438.584
438.547
438.513
438.481
438.452
438.426
438.403
438.383
438.365
438.35
438.339
438.33
438.324
438.321
449.574
438.556
429.196
421.711
415.919
411.511
408.176
405.656
403.75
402.308
401.217
400.392
399.77
399.304
398.956
398.698
398.508
398.369
398.267
398.192
398.136
398.092
398.056
398.024
397.994
397.963
397.931
397.896
397.858
397.817
397.773
397.727
397.678
397.627
397.575
397.521
397.467
397.413
397.359
397.306
397.254
397.203
397.154
397.106
397.061
397.018
396.977
396.939
396.904
396.871
396.841
396.814
396.79
396.769
396.751
396.736
396.724
396.715
396.709
396.706
407.451
395.268
385.261
377.545
371.783
367.538
364.424
362.141
360.467
359.24
358.345
357.697
357.233
356.906
356.68
356.529
356.433
356.375
356.343
356.328
356.323
356.323
356.323
356.322
356.317
356.306
356.29
356.269
356.241
356.208
356.17
356.128
356.082
356.033
355.981
355.928
355.874
355.819
355.763
355.709
355.655
355.603
355.552
355.503
355.456
355.412
355.37
355.33
355.294
355.26
355.229
355.202
355.177
355.155
355.137
355.121
355.109
355.099
355.093
355.09
365.114
351.548
340.87
332.991
327.345
323.34
320.508
318.506
317.094
316.107
315.425
314.966
314.668
314.487
314.39
314.35
314.351
314.376
314.416
314.463
314.51
314.554
314.591
314.62
314.64
314.651
314.651
314.643
314.625
314.6
314.568
314.53
314.487
314.439
314.388
314.335
314.28
314.224
314.167
314.111
314.056
314.002
313.95
313.899
313.851
313.805
313.762
313.721
313.683
313.649
313.617
313.588
313.563
313.541
313.522
313.506
313.493
313.483
313.477
313.474
322.459
307.255
295.923
287.995
282.581
278.91
276.427
274.753
273.638
272.912
272.461
272.203
272.081
272.052
272.088
272.163
272.263
272.374
272.488
272.597
272.697
272.786
272.86
272.92
272.966
272.997
273.014
273.018
273.011
272.994
272.967
272.933
272.892
272.846
272.795
272.742
272.686
272.629
272.571
272.514
272.457
272.401
272.347
272.295
272.245
272.198
272.153
272.111
272.072
272.037
272.004
271.975
271.948
271.926
271.906
271.89
271.876
271.867
271.86
271.857
279.315
262.194
250.301
242.499
237.471
234.245
232.185
230.889
230.104
229.664
229.458
229.413
229.474
229.605
229.777
229.972
230.173
230.372
230.56
230.733
230.887
231.02
231.132
231.223
231.294
231.346
231.379
231.396
231.399
231.389
231.368
231.337
231.298
231.253
231.203
231.149
231.093
231.035
230.975
230.916
230.858
230.8
230.744
230.691
230.639
230.59
230.544
230.501
230.461
230.424
230.391
230.36
230.333
230.31
230.29
230.273
230.259
230.249
230.242
230.239
235.375
216.095
203.868
196.452
192.003
189.347
187.791
186.924
186.502
186.368
186.424
186.601
186.854
187.149
187.463
187.779
188.084
188.372
188.636
188.872
189.08
189.259
189.409
189.531
189.626
189.698
189.747
189.777
189.789
189.786
189.77
189.742
189.706
189.662
189.612
189.557
189.5
189.44
189.379
189.319
189.258
189.199
189.141
189.086
189.032
188.982
188.934
188.89
188.849
188.811
188.776
188.745
188.717
188.693
188.673
188.655
188.641
188.631
188.624
188.621
190.068
168.595
156.478
149.817
146.179
144.232
143.26
142.872
142.842
143.035
143.365
143.775
144.226
144.69
145.148
145.588
145.999
146.377
146.717
147.018
147.28
147.504
147.69
147.843
147.963
148.055
148.12
148.162
148.183
148.186
148.174
148.15
148.115
148.071
148.021
147.966
147.907
147.846
147.783
147.721
147.658
147.597
147.538
147.48
147.425
147.373
147.324
147.278
147.236
147.197
147.161
147.129
147.101
147.076
147.055
147.037
147.023
147.012
147.005
147.002
142.254
119.238
108.007
102.581
100.02
98.9227
98.6133
98.7475
99.1379
99.6751
100.291
100.941
101.594
102.231
102.837
103.402
103.92
104.389
104.805
105.171
105.487
105.755
105.979
106.162
106.306
106.417
106.497
106.55
106.58
106.589
106.582
106.56
106.526
106.482
106.432
106.375
106.315
106.252
106.188
106.123
106.058
105.995
105.933
105.874
105.818
105.764
105.713
105.666
105.622
105.582
105.546
105.513
105.484
105.458
105.436
105.418
105.404
105.393
105.386
105.382
89.5223
67.5413
58.3824
54.7765
53.5697
53.4573
53.8787
54.5726
55.4047
56.2993
57.2097
58.1056
58.9666
59.7791
60.5339
61.2257
61.8515
62.4107
62.9042
63.3342
63.7035
64.0161
64.276
64.4878
64.6559
64.7848
64.8791
64.9431
64.9806
64.9956
64.9915
64.9715
64.9385
64.895
64.8434
64.7856
64.7234
64.6584
64.5918
64.5247
64.458
64.3926
64.329
64.2677
64.2092
64.1538
64.1017
64.0531
64.0081
63.9668
63.9293
63.8956
63.8657
63.8395
63.8172
63.7986
63.7838
63.7727
63.7653
63.7616
22.8382
8.72945
4.5159
4.37171
5.37701
6.73035
8.18176
9.63967
11.0635
12.4311
13.7284
14.9456
16.0762
17.1161
18.0634
18.918
19.6815
20.3567
20.9475
21.4585
21.895
22.2627
22.5674
22.8152
23.0117
23.1629
23.2741
23.3504
23.3969
23.4177
23.4171
23.3988
23.3659
23.3215
23.268
23.2079
23.1429
23.0749
23.0051
22.9349
22.8652
22.7967
22.7303
22.6664
22.6055
22.5479
22.4937
22.4433
22.3966
22.3539
22.3151
22.2803
22.2494
22.2224
22.1994
22.1803
22.165
22.1536
22.146
22.1422
1
1
1
1
1
1
1
1
1
1
1
1
1
1
1
1
1
1
1
1
1
1
1
1
1
1
1
1
1
1
1
1
1
1
1
1
1
1
1
1
1
1
1
1
1
1
1
1
1
1
1
1
1
1
1
1
1
1
1
1
1
1
1
1
1
1
1
1
1
1
1
1
1
1
1
1
1
1
1
1
1
1
1
1
1
1
1
1
1
1
1
1
1
1
1
1
1
1
1
1
1
1
1
1
1
1
1
1
1
1
1
1
1
1
1
1
1
1
1
1
1
1
1
1
1
1
1
1
1
1
1
1
1
1
1
1
1
1
1
1
1
1
1
1
1
1
1
1
1
1
1
1
1
1
1
1
1
1
1
1
1
1
1
1
1
1
1
1
1
1
1
1
1
1
1
1
1
1
1
1
1
1
1
1
1
1
1
1
1
1
1
1
1
1
1
1
1
1
1
1
1
1
1
1
1
1
1
1
1
1
1
1
1
1
1
1
1
1
1
1
1
1
1
1
1
1
1
1
1
1
1
1
1
1
1
1
1
1
1
1
)
;

boundaryField
{
    seaBed
    {
        type            zeroGradient;
    }
    seabedFoundation
    {
        type            splitCyclic;
    }
    foundationSeabed
    {
        type            splitCyclic;
    }
    soilDomainBottom
    {
        type            zeroGradient;
    }
    left
    {
        type            splitCyclic;
    }
    right
    {
        type            splitCyclic;
    }
    frontBack
    {
        type            empty;
    }
    liq
    {
        type            splitCyclic;
    }
    sol
    {
        type            splitCyclic;
    }
}


// ************************************************************************* //
